2 0.24716713881019828 0.40934844192634556 0.1572237960339943 0.15864022662889518
0 0.29390934844192634 0.9440509915014164 0.049575070821529794 0.03824362606232299
0 0.29815864022662886 0.7492917847025495 0.07507082152974501 0.09915014164305944
0 0.9143059490084986 0.6749291784702549 0.04390934844192643 0.06373937677053818
0 0.7075070821529745 0.45963172804532576 0.055240793201133155 0.06090651558073652
0 0.9766288951841356 0.9398016997167139 0.046742209631727955 0.12039660056657199
0 0.8087818696883852 0.9766288951841361 0.03966005665722392 0.046742209631728
2 0.06586402266288952 0.6572237960339943 0.11756373937677052 0.1133144475920679
0 0.48583569405099153 0.4759206798866856 0.03682719546742213 0.0538243626062323
0 0.7174220963172805 0.8059490084985836 0.055240793201133155 0.05382436260623237
