0 0.28257790368271957 0.7280453257790369 0.18271954674220964 0.2974504249291782
0 0.28541076487252115 0.6763456090651556 0.06373937677053831 0.07790368271954669
0 0.49858356940509907 0.9277620396600567 0.028328611898016973 0.039660056657223774
0 0.7110481586402266 0.826487252124646 0.07082152974504254 0.046742209631728
0 0.6140226628895183 0.5998583569405099 0.03824362606232306 0.03541076487252127
0 0.6260623229461756 0.4220963172804533 0.031161473087818692 0.062322946175637384
0 0.8449008498583569 0.44192634560906513 0.0694050991501416 0.07932011331444762
0 0.7422096317280453 0.19050991501416425 0.04815864022662907 0.05807365439093484
0 0.2195467422096317 0.15368271954674223 0.08215297450424931 0.08356940509915017
0 0.07152974504249292 0.16076487252124647 0.04957507082152973 0.04674220963172802
0 0.037535410764872525 0.38668555240793195 0.038243626062322955 0.056657223796034016
0 0.43696883852691215 0.6607648725212465 0.04390934844192636 0.04390934844192636
0 0.8449008498583569 0.7103399433427762 0.03257790368271941 0.02974504249291783
3 0.6940509915014165 0.8356940509915014 0.1841359773371105 0.32861189801699725
3 0.8406515580736544 0.11189801699716714 0.1543909348441926 0.21813031161473087
3 0.5864022662889518 0.14305949008498584 0.16147308781869685 0.24645892351274784
3 0.07294617563739376 0.23441926345609068 0.14589235127478753 0.25920679886685555
3 0.1005665722379603 0.5807365439093481 0.11614730878186971 0.20396600566572187
