0 0.6466005665722379 0.038951841359773386 0.08923512747875342 0.06090651558073656
0 0.7507082152974505 0.5035410764872522 0.08215297450424941 0.06090651558073652
0 0.43696883852691215 0.39872521246458925 0.04674220963172807 0.05240793201133144
0 0.6048158640226629 0.25212464589235123 0.01983002832861196 0.02266288951841357
1 0.6673285700837974 0.13427965096049918 0.02549575070821554 0.014164305949008549
1 0.7145892351274789 0.7436260623229464 0.038243626062322844 0.03682719546742206
0 0.3378186968838527 0.9334277620396603 0.049575070821529794 0.06232294617563752
3 0.5205382436260623 0.7698300283286121 0.23087818696883872 0.46033994334277606
0 0.3172804532577904 0.3987252124645893 0.04532577903682721 0.03541076487252127
0 0.17422096317280455 0.32861189801699725 0.028328611898016973 0.039660056657223774
3 0.2075070821529746 0.0679886685552408 0.2762039660056658 0.1359773371104816
