3 0.4660056657223794 0.5432011331444762 0.11614730878187016 0.28470254957507035
3 0.5927762039660055 0.5516997167138811 0.1685552407932011 0.2563739376770539
3 0.37252124645892337 0.7655807365439097 0.1416430594900848 0.1685552407932018
3 0.4645892351274786 0.8760623229461757 0.113314447592068 0.20254957507082152
3 0.4518413597733711 0.1189801699716714 0.16997167138810199 0.2379603399433428
3 0.3109065155807365 0.11048158640226627 0.13739376770538242 0.21813031161473084
3 0.6742209631728044 0.0708215297450425 0.1614730878186969 0.141643059490085
3 0.2584985835694051 0.5439093484419263 0.055240793201133155 0.20396600566572232
3 0.09702549575070821 0.5325779036827195 0.05240793201133143 0.23796033994334273
0 0.0453257790368272 0.6813031161473089 0.05665722379603398 0.025495750708215324
