0 0.5297450424929179 0.4235127478753541 0.18696883852691223 0.17847025495750699
3 0.5906515580736543 0.42351274787535415 0.3342776203966006 0.6685552407932012
0 0.6033994334277617 0.6876770538243626 0.08215297450424944 0.10056657223796062
0 0.26699716713881017 0.8293201133144475 0.06090651558073649 0.049575070821529864
0 0.8703966005665723 0.7351274787535411 0.0694050991501416 0.0708215297450424
0 0.10552407932011333 0.7174220963172805 0.06090651558073656 0.041076487252124705
0 0.19192634560906516 0.5970254957507083 0.04390934844192636 0.03824362606232299
0 0.34773371104815864 0.49575070821529754 0.03257790368271947 0.06232294617563739
0 0.21388101983002833 0.07365439093484417 0.03682719546742206 0.036827195467422094
0 0.0339943342776204 0.8689801699716714 0.039660056657223795 0.041076487252124566
0 0.4135977337110481 0.7542492917847022 0.07648725212464605 0.0665722379603397
