3 0.4008498583569405 0.1558073654390935 0.16430594900849851 0.2691218130311615
3 0.42351274787535403 0.44688385269121816 0.17280453257790362 0.2563739376770538
3 0.837818696883852 0.6650141643059486 0.13739376770538186 0.25920679886685544
3 0.7932011331444762 0.34277620396600567 0.1303116147308782 0.2804532577903683
3 0.24999999999999992 0.7995750708215299 0.1118980169971671 0.14305949008498595
3 0.47096317280453254 0.9128895184135986 0.1175637393767707 0.1713881019830029
3 0.6409348441926346 0.920679886685552 0.13172804532577903 0.1586402266288945
3 0.580028328611898 0.7096317280453257 0.131728045325779 0.2294617563739378
3 0.16340432463434282 0.25435362591579946 0.1316578090979328 0.2733711048158638
0 0.6373937677053825 0.38752838714208787 0.1416430594900849 0.27392128860066034
0 0.7234331468171282 0.5812633156181959 0.04214173670779374 0.06438320885912965
0 0.7327979771966381 0.7498302624493712 0.03511811392316147 0.045653548100109874
0 0.2136351930325662 0.7182239599185261 0.08077166202327163 0.07374803923863936
0 0.3991758949266032 0.6134549200477607 0.05618898227705852 0.04682415189754887
0 0.6526116170720857 0.4244024067614074 0.057359586074496996 0.057359586074497274
0 0.9399948493432914 0.18501393018518947 0.042141736707794024 0.058530189871935964
0 0.07140683164376185 0.7199798656146841 0.05150656708730363 0.06321260506169069
0 0.08252756771942968 0.5678013719476506 0.031606302530845405 0.03277690632828417
0 0.540818954416688 0.7615363004237587 0.06087139746681345 0.05033596328986478
0 0.9306300189637815 0.4448879732165851 0.025753283543651834 0.028094491138529208
