2 0.8633144475920687 0.12960339943342772 0.20254957507082127 0.22237960339943336
0 0.8788951841359772 0.05453257790368269 0.05807365439093488 0.07790368271954669
0 0.3895184135977337 0.39518413597733715 0.10198300283286123 0.09915014164305959
0 0.7216713881019831 0.8845609065155807 0.07223796033994333 0.06373937677053831
0 0.32011331444759206 0.7521246458923511 0.05949008498583566 0.05665722379603395
0 0.7478753541076487 0.514872521246459 0.07648725212464598 0.05807365439093488
0 0.8286118980169971 0.6416430594900849 0.09631728045325773 0.056657223796034016
0 0.953257790368272 0.3165722379603399 0.093484419263456 0.10056657223796034
2 0.9801699716713881 0.8810198300283285 0.039660056657223774 0.07648725212464598
2 0.669971671388102 0.12393767705382436 0.05665722379603395 0.08923512747875353
