0 0.5800283286118978 0.490084985835694 0.1430594900849861 0.12181303116147321
0 0.34631728045325777 0.15793201133144474 0.07223796033994337 0.06940509915014163
0 0.8314447592067988 0.03399433427762039 0.07082152974504254 0.03966005665722379
0 0.6862606232294617 0.04320113314447593 0.06373937677053818 0.06657223796033994
0 0.42776203966005666 0.768413597733711 0.0651558073654391 0.07223796033994333
0 0.07861189801699718 0.9242209631728044 0.06940509915014165 0.0665722379603399
0 0.05736543909348441 0.7436260623229461 0.04674220963172803 0.053824362606232225
0 0.3151558073654391 0.38668555240793195 0.05240793201133144 0.0538243626062323
1 0.5240793201133143 0.9652974504249291 0.06232294617563765 0.05524079320113289
1 0.48250638257863826 0.9625235180011564 0.03682719546742206 0.05240793201133145
