3 0.6288951841359772 0.8024079320113315 0.23229461756373943 0.33852691218130326
3 0.193342776203966 0.6968838526912181 0.2025495750708216 0.32861189801699714
3 0.523371104815864 0.12252124645892351 0.17138810198300278 0.24504249291784702
3 0.4242209631728046 0.8406515580736543 0.1600566572237961 0.31303116147308774
3 0.7556657223796033 0.12393767705382434 0.18555240793201114 0.2478753541076487
3 0.5488668555240792 0.3796033994334277 0.15155807365439103 0.20679886685552404
3 0.406515580736544 0.31869688385269124 0.1558073654390935 0.2096317280453258
3 0.391643059490085 0.1274787535410765 0.15155807365439095 0.254957507082153
3 0.8016997167138808 0.7974504249291785 0.15864022662889535 0.33711048158640217
3 0.5524079320113314 0.6168555240793201 0.20679886685552412 0.20821529745042505
0 0.3696883852691218 0.6395184135977336 0.05099150141643057 0.06940509915014167
0 0.7854107648725213 0.4192634560906515 0.08073654390934848 0.07932011331444762
0 0.14943342776203966 0.13314447592067988 0.09206798866855527 0.0736543909348442
0 0.11260623229461757 0.3576487252124646 0.052407932011331454 0.07507082152974505
0 0.21671388101983005 0.4192634560906515 0.028328611898017008 0.042492917847025566
0 0.2195467422096317 0.6621813031161474 0.062322946175637405 0.052407932011331315
0 0.70042492917847 0.5686968838526911 0.035410764872521316 0.046742209631728135
0 0.6543909348441926 0.8024079320113313 0.06515580736543923 0.07223796033994369
0 0.42917847025495753 0.91643059490085 0.04815864022662893 0.05665722379603395
0 0.558073654390935 0.40014164305949 0.05382436260623238 0.058073654390934794
0 0.6756373937677056 0.16076487252124644 0.06232294617563741 0.06657223796034
0 0.47450424929178475 0.17280453257790374 0.05665722379603417 0.04532577903682713
