3 0.6416430594900844 0.8201133144475916 0.21529745042492945 0.3172804532577894
3 0.4327195467422096 0.8470254957507081 0.1685552407932012 0.26912181303116156
3 0.5963172804532579 0.3760623229461754 0.17280453257790365 0.23654390934844177
3 0.5247875354107647 0.11614730878186968 0.19405099150141683 0.23229461756373934
3 0.7613314447592068 0.11260623229461757 0.1628895184135976 0.22521246458923513
3 0.2060906515580736 0.6805949008498581 0.19971671388101986 0.3413597733711046
3 0.1791784702549575 0.20113314447592065 0.11189801699716714 0.19830028328611893
3 0.5509915014164305 0.626770538243626 0.15297450424929174 0.20538243626062327
3 0.7889518413597734 0.8059490084985836 0.1728045325779037 0.31728045325779036
0 0.373229461756374 0.6381019830028329 0.06657223796033997 0.06373937677053831
0 0.548158640226629 0.5750708215297451 0.04532577903682714 0.07082152974504254
0 0.7839943342776203 0.42422096317280455 0.07223796033994333 0.0835694050991502
0 0.5559490084985835 0.4036827195467421 0.038243626062322844 0.048158640226628864
0 0.21671388101983005 0.41855524079320106 0.062322946175637384 0.041076487252124635
0 0.10694050991501416 0.3618980169971671 0.05524079320113314 0.046742209631728
0 0.6643059490084986 0.16926345609065158 0.05665722379603395 0.05807365439093491
0 0.4730878186968839 0.16997167138810199 0.05099150141643065 0.06798866855524079
3 0.37252124645892354 0.11614730878186968 0.1274787535410765 0.23229461756373937
