0 0.1189801699716714 0.7464589235127478 0.13314447592067988 0.1501416430594901
0 0.4157223796033993 0.5814447592067987 0.09490084985835694 0.09206798866855521
0 0.5736543909348442 0.23866855524079328 0.11048158640226644 0.08356940509915027
0 0.758498583569405 0.165014164305949 0.06940509915014176 0.07507082152974505
0 0.7825779036827195 0.2330028328611898 0.055240793201133155 0.07223796033994333
0 0.4157223796033995 0.19546742209631726 0.06657223796033997 0.0963172804532578
0 0.34915014164305946 0.34844192634560905 0.06373937677053824 0.06515580736543906
0 0.1770538243626062 0.13526912181303113 0.05949008498583568 0.06940509915014163
0 0.9192634560906516 0.5516997167138811 0.05382436260623238 0.09773371104815866
0 0.4327195467422096 0.8016997167138811 0.06940509915014167 0.08781869688385271
0 0.13314447592067988 0.4652974504249292 0.07648725212464588 0.07507082152974512
0 0.7549575070821529 0.6019830028328612 0.05949008498583566 0.09631728045325787
